((("form->entries" .
   [1 0 0 0 0 0 0 0 0 0 0 0 0])
  (":dev" .
   [1 0 0 0])
  (":prod" .
   [2 0 0 0 0])
  ("mode" .
   [2 0 0 0])
  (":config" .
   [1 0 0 0 0 0 0])
  (":mode" .
   [1 0 0 0 0])
  ("wrap-config" .
   [2 0 0 0 0 0 0 0 0 0 0])
  ("wrap" .
   [1 0 0 0])
  ("paddleguru.middleware.config" .
   [1 0 0 0 0 0 0 0 0 0 0 0 0 0 0 0 0 0 0 0 0 0 0 0 0 0 0 0])
  (":cdn" .
   [1 0 0 0])
  (":dev?" .
   [1 0 0 0 0])
  ("conf" .
   [4 0 0 0])
  ("timed-fn" .
   [1 0 0 0 0 0 0 0])
  ("paddleguru.riemann" .
   [1 0 0 0 0 0 0 0 0 0 0 0 0 0 0 0 0 0])
  ("chan" .
   [1 0 0 0])
  ("close!" .
   [1 0 0 0 0 0])
  ("as" .
   [0 1])
  ("global-set-key" .
   [0 0 0 0 0 0 0 0 0 0 1 0 0 0])
  ("kbd" .
   [1 0 0])
  ("marks" .
   [0 0 0 0 1])
  ("markdown-mode" .
   [0 0 0 0 0 1 0 0 0 0 0 0 0])
  ("copy-code-as-rtf" .
   [0 0 0 0 0 0 0 0 0 0 0 0 1 0 0 0])
  ("def" .
   [2 0 0])
  ("limit" .
   [1 0 0 0 0])
  ("nil" .
   [1 0 0])
  ("balance" .
   [4 0 0 0 0 0 0])
  ("bound" .
   [3 0 0 0 0])
  ("more" .
   [1 0 0 0])
  ("<=" .
   [1 0])
  ("taxes" .
   [2 0 0 1 0])
  ("recur" .
   [1 0 0 0 0])
  ("b" .
   [1])
  ("next-balance" .
   [2 0 0 0 0 0 0 1 0 0 0 0])
  ("percent" .
   [1 0 0 0 0 0 0])
  ("->" .
   [1 0])
  ("taxed-now" .
   [1 0 0 0 0 0 0 0 0])
  ("pre" .
   [1 0 0])
  ("t" .
   [2])
  ("rates" .
   [1 0 0 0 0])
  ("Integer/MAX_VALUE" .
   [0 0 0 0 0 0 0 0 0 0 1 0 0 0 0 0 0])
  (".parse" .
   [3 0 0 0 0 0])
  ("on-load" .
   [1 0 0 0 0 0 0])
  ("st" .
   [1 0])))
